-53.406536 68.114212 -14.708087 
 12.791264 -12.733229 -0.057824 
 4.528747 4.017539 -8.546234 
 -0.175545 41.105862 25.069635 
 -22.522274 19.549625 0.972782 
 19.667091 -19.997911 0.330833 
 20.668301 -0.225031 -10.443306 
 -0.513859 24.996967 16.516951 
 1.812115 20.405565 -22.217733 
 -0.192169 0.093977 -0.901731 
 -0.493248 14.803885 2.689368 
 -8.190581 2.381411 5.809253 
 -115.976746 76.929283 39.047638 
 0.168232 -33.538593 -26.629824 
 -72.220833 48.208210 24.012594 
 -70.203072 44.238358 25.964787 
 -41.943001 -54.825180 96.768387 
 -2.892624 6.558338 -3.665828 
 -50.187363 9.123091 41.064198 
 -45.295250 14.868838 30.426397 
 -30.582397 20.193661 10.388845 
 9.602326 -19.185129 9.582730 
 -37.696064 15.564754 22.131376 
 -23.267887 12.245984 11.021872 
 -300.414581 -100.007721 -153.300171 