-27.187414 58.471958 -2.244706 -18.857361 -8.853570 20.747629 -22.077387 
 17.364420 -27.425165 -4.231650 12.105726 5.696319 -12.862558 9.353340 
 6.332460 10.168828 -3.031059 -3.024451 -5.529425 18.972343 -23.889305 
 -20.177244 7.115144 7.916430 -6.751305 -1.634405 -0.009761 13.541560 
 -4.615982 -37.094845 -30.185205 7.586791 -18.750572 84.754707 -1.694381 
 7.124239 12.659680 14.966351 -5.520625 8.800712 -30.491936 -7.538836 
 14.590693 -9.385255 -16.402544 6.798468 -4.065749 23.870092 -15.405696 
 -14.369049 2.168241 1.453007 -2.583697 -3.754423 3.960223 13.125747 
 -3.415135 33.523289 -15.762914 5.622562 0.226427 -21.607548 1.413317 
 9.984710 20.796961 -4.407976 -0.853953 0.523243 -2.447813 -23.595251 
 -2.663765 3.695914 -3.944426 -3.460593 2.980941 6.030308 -2.638658 
 -4.278034 -1.187661 0.424796 2.025982 1.214335 2.492591 -0.691830 
 -60.823502 40.251431 29.272532 -30.007944 -18.773481 -40.043724 80.124847 
 40.102829 -30.883316 -29.269260 15.973817 9.864521 -5.360301 -0.428302 
 -11.226702 5.783944 3.562052 -5.689164 2.876976 -4.508313 9.201044 
 -31.805008 10.121118 3.573610 -0.558782 9.389293 -0.654629 9.934812 
 -66.227310 -45.147514 65.717964 -14.853122 15.160642 -22.264484 67.614975 
 50.388767 -6.020882 -25.804470 9.171989 -12.293757 -5.712678 -9.729795 
 -29.982845 -3.855878 16.715845 -10.212946 2.796122 -5.109118 29.649778 
 -26.047701 -0.376809 11.751267 1.191841 7.534623 -2.160675 8.107151 
 -28.562449 4.796143 28.038752 -28.235750 -4.676010 9.761995 18.877909 
 26.397627 -22.929756 -15.596963 22.329462 2.520857 0.975060 -13.696510 
 -13.301920 8.543428 5.524446 -15.367639 -9.274214 19.056181 4.819311 
 -15.936728 4.754780 9.375063 -15.444491 -0.673914 8.687138 9.238109 
 -188.615799 -118.453552 -52.959263 -40.837193 -19.987963 -149.928650 -181.273376 